Chromosome	Start	End	WT G1 NDR (bp )	rpd3 G1 NDR (bp )
chrVII	491990	492121	131	142
chrX	189473	189704	231	221
chrV	110624	110748	124	129
chrXIV	247208	247376	168	161
chrXIII	892384	892571	187	186
chrXII	302021	302209	188	160
chrIV	602924	603049	125	119
chrVII	200236	200402	166	164
chrXVI	676967	677153	186	196
chrXII	534476	534758	282	279
chrIV	74172	74349	177	183
chrVII	555089	555424	335	335
chrIV	1012112	1012206	94	176
chrIX	307976	308130	154	166
chrXV	65406	65555	149	148
chrXIII	101375	101531	156	161
chrVII	641845	641979	134	141
chrVIII	462083	462362	279	302
chrXII	1014243	1014622	379	189
chrXI	387243	387444	201	202
chrIII	240591	240758	167	173
chrXII	363886	364078	192	181
chrV	302553	302745	192	210
chrXII	642387	642550	163	152
chrXIII	627903	628143	240	243
chrIV	1062863	1063017	154	167
chrXIII	523461	523645	184	188
chrX	455758	455982	224	229
chrVII	299785	299939	154	188
chrIV	114400	114558	158	153
chrII	216436	216586	150	160
chrX	383604	383805	201	219
chrII	535020	535186	166	175
chrII	600010	600152	142	140
chrXII	283620	283851	231	204
chrXIII	505060	505140	80	112
chrXV	1028693	1029018	325	333
chrX	700681	700851	170	174
chrXVI	132733	132957	224	224
chrXIII	731228	731403	175	169
chrIII	262666	262974	308	314
chrXIII	191932	192143	211	228
chrXIII	584109	584285	176	191
chrXIV	286068	286209	141	146
chrIX	193231	193426	195	187
chrXII	902699	902876	177	169
chrII	265881	266132	251	254
chrVI	56043	56281	238	233
chrXI	135916	136137	221	237
chrVII	746572	746722	150	160
chrX	73459	73738	279	288
chrVII	58904	59086	182	183
chrXV	265197	265336	139	62
chrXIV	618285	618485	200	203
chrII	668425	668568	143	137
chrXV	238243	238581	338	338
chrIII	289320	289492	172	151
chrXV	956608	956766	158	169
chrIII	264497	264664	167	160
chrII	578156	578325	169	175
chrXV	716881	717076	195	197
chrIV	1321977	1322171	194	209
chrXIII	547469	547634	165	170
chrIX	160524	160688	164	179
chrIV	521477	521677	200	231
chrXI	408111	408467	356	355
chrVI	184304	184470	166	170
chrX	231117	231258	141	155
chrXVI	370700	370914	214	220
chrXII	921508	921951	443	436
chrXII	404238	404500	262	269
chrXII	607170	607419	249	182
chrXI	168845	169043	198	224
chrXI	325607	325769	162	139
chrII	578156	578325	169	175
chrVIII	401034	401333	299	301
chrXVI	787701	787864	163	183
chrXV	915231	915411	180	202
chrVII	334668	334830	162	164
chrII	623248	623471	223	201
chrXII	932563	932738	175	177
chrVI	74679	74871	192	207
chrX	76510	76802	292	292
chrIV	145556	145740	184	195
chrXVI	610094	610296	202	203
chrVII	584608	584782	174	173
chrXIII	108553	108687	134	139
chrXI	578718	578877	159	96
chrIX	332589	332983	394	401
chrXII	1030609	1030808	199	208
chrII	779506	779645	139	134
chrXII	561763	561939	176	173
chrXVI	767536	767724	188	198
chrXIV	302319	302654	335	330
chrXII	230622	230869	247	204
chrXIII	169827	170077	250	253
chrXIII	509505	509670	165	181
chrVII	1010818	1011018	200	209
chrXII	202619	202944	325	323
chrXV	142615	142767	152	173
chrXIV	40439	40620	181	166
chrXIII	872679	872980	301	299
chrIV	1103565	1103716	151	149
chrXV	238243	238581	338	338
chrIV	1383540	1383662	122	128
chrXIII	230830	230984	154	153
chrXV	631825	632115	290	295
chrVII	150671	150860	189	187
chrXII	673919	674250	331	322
chrV	238134	238318	184	194
chrVIII	54665	54804	139	152
chrX	448992	449180	188	207
chrXIV	366538	366702	164	155
chrXIV	442472	442657	185	186
chrVII	377231	377385	154	173
chrII	568559	568753	194	194
chrVI	196394	196541	147	151
chrXIII	396858	397019	161	154
chrXIV	228907	229052	145	147
chrVII	965754	965918	164	186
chrVII	905683	905867	184	188
chrIII	83292	83619	327	326
chrII	650098	650281	183	185
chrXIV	602621	602805	184	194
chrII	369744	369961	217	223
chrV	90063	90214	151	155
chrXVI	479042	479202	160	136
chrXII	88307	88458	151	133
chrVII	687708	687842	134	155
chrIV	264181	264416	235	263
chrVI	104491	104631	140	154
chrXV	642186	642344	158	122
chrVIII	241425	241620	195	199
chrXII	802440	802618	178	175
chrII	306025	306250	225	222
chrIX	421875	422051	176	188
chrIX	285322	285460	138	153
chrIV	372089	372206	117	154
chrXVI	82377	82532	155	141
chrIV	820993	821145	152	153
chrXIII	284645	284848	203	212
chrXV	212029	212186	157	150
chrII	742621	742782	161	183
chrXIII	510389	510525	136	132
chrIV	251336	251517	181	189
chrXV	609230	609402	172	183
chrXV	884206	884357	151	146
chrXVI	335762	335924	162	161
chrII	275663	275808	145	135
chrXII	255081	255240	159	179
chrXIII	608269	608476	207	231
chrXVI	554386	554552	166	161
chrXIII	901345	901648	303	305
chrXII	168792	168989	197	200
chrIV	1411923	1412064	141	135
chrVII	452141	452334	193	190
chrXVI	386746	386900	154	154
chrV	474824	475012	188	169
chrIII	52421	52621	200	210
chrII	405397	405553	156	167
chrVI	194547	194721	174	172
chrXIV	592939	593112	173	178
chrXVI	118068	118220	152	157
chrXII	408211	408394	183	172
chrII	435751	435924	173	173
chrXV	128101	128246	145	118
chrIV	769125	769496	371	436
chrXV	851880	852048	168	186
chrIV	1267214	1267416	202	202
chrII	549117	549292	175	178
chrIV	362463	362621	158	161
chrIV	1498011	1498155	144	100
chrXII	669933	670216	283	143
chrXIII	245845	246073	228	226
chrX	641784	641976	192	198
chrXI	393415	393689	274	261
chrXIV	317774	317967	193	200
chrXV	441198	441385	187	189
chrXV	524968	525126	158	167
chrXII	127265	127542	277	244
chrXV	755114	755295	181	182
chrVIII	78378	78526	148	131
chrXII	665071	665292	221	212
chrI	87089	87250	161	159
chrXIV	8157	8319	162	86
chrIII	223299	223496	197	202
chrXII	23225	23438	213	148
chrXI	500123	500221	98	98
chrXIII	511075	511250	175	188
chrXIII	228716	228871	155	158
chrX	21689	21888	199	183
chrVI	115776	115954	178	179
chrXVI	888763	888936	173	178
chrII	245690	245846	156	163
chrXIII	751316	751601	285	308
chrVII	913326	913454	128	137
chrX	424166	424349	183	325
chrVII	144519	144717	198	183
chrXVI	554386	554552	166	161
chrXVI	251789	252002	213	227
chrXIV	332182	332383	201	213
chrX	533830	533958	128	142
chrX	555699	555856	157	169
chrV	156554	156756	202	219
chrXIII	517257	517467	210	213
chrXVI	639063	639199	136	139
chrXV	915820	915966	146	174
chrXII	395600	395800	200	185
chrIV	854023	854172	149	156
chrIV	52213	52401	188	180
chrVI	245940	246092	152	140
chrIV	1013713	1014091	378	396
chrX	58959	59062	103	117
chrXIII	353660	353834	174	190
chrXVI	205023	205174	151	153
chrXV	960685	960855	170	173
chrXI	527645	527801	156	157
chrXV	158927	159119	192	197
chrXIV	129206	129358	152	161
chrIV	971467	971666	199	199
chrIV	1168857	1169076	219	220
chrVII	528940	529083	143	124
chrVIII	360685	360876	191	185
chrV	70251	70425	174	163
chrIII	193057	193274	217	227
chrXIV	457438	457628	190	194
chrIX	102340	102635	295	316
chrXI	188780	188947	167	165
chrXIII	545729	545894	165	160
chrXV	841109	841306	197	202
chrXII	588967	589326	359	330
chrXV	1010856	1011049	193	190
chrXIII	337581	337755	174	179
chrV	177600	177753	153	157
chrII	558490	558645	155	157
chrXV	882272	882486	214	202
chrXIV	365835	365979	144	146
chrXII	204751	204942	191	179
chrIV	1473057	1473206	149	143
chrXIII	779171	779376	205	209
chrXIV	554836	555003	167	174
chrV	404430	404622	192	191
chrXV	592643	592819	176	188
chrIV	589522	589742	220	229
chrXVI	150296	150583	287	289
chrXV	316237	316397	160	155
chrV	254461	254644	183	186
chrVIII	470635	470840	205	235
chrXIII	460590	460741	151	154
chrXIV	373763	373890	127	131
chrII	324105	324282	177	209
chrI	169033	169229	196	231
chrVII	555487	555749	262	260
chrXIV	350698	350873	175	173
chrIV	363640	363874	234	238
chrXIV	280197	280364	167	157
chrXII	371188	371436	248	193
chrXII	408211	408394	183	172
chrIV	562507	562652	145	144
chrVII	617316	617465	149	131
chrVII	291731	291885	154	176
chrIX	125968	126138	170	175
chrXVI	304135	304236	101	101
chrX	184325	184466	141	136
chrIV	889345	889499	154	153
chrXVI	911053	911217	164	166
chrXIII	738991	739148	157	153
chrXIII	814192	814363	171	172
chrIII	310794	310931	137	115
chrIV	587804	587963	159	185
chrXII	537051	537237	186	178
chrXIII	266885	267068	183	195
chrII	811496	811669	173	91
chrXI	291186	291366	180	190
chrXIV	545020	545178	158	159
chrX	101849	102044	195	173
chrV	456117	456269	152	142
chrX	262562	262730	168	172
chrVII	91278	91431	153	155
chrIX	171558	171702	144	143
chrVIII	488278	488598	320	324
chrXIII	253020	253090	70	81
chrXIV	19346	19564	218	209
chrXI	286377	286525	148	152
chrV	159160	159298	138	115
chrII	84299	84519	220	230
chrI	138442	138596	154	158
chrXII	540582	540779	197	193
chrIV	998439	998587	148	148
chrIX	333252	333569	317	319
chrVII	739655	739832	177	229
chrIX	173670	173818	148	145
chrIII	279882	280072	190	192
chrXII	164066	164377	311	302
chrXIV	342186	342389	203	205
chrXVI	517300	517459	159	271
chrXV	108967	109141	174	181
chrXI	352878	353040	162	172
chrXVI	218420	218584	164	170
chrIV	926950	927164	214	209
chrXII	879550	879686	136	146
chrIV	693260	693440	180	179
chrXIII	68015	68270	255	250
chrXII	910035	910260	225	229
chrIII	254225	254366	141	147
chrII	111222	111396	174	179
chrVIII	272405	272618	213	205
chrXII	156385	156546	161	156
chrXII	522453	522647	194	190
chrXVI	46565	46722	157	142
chrVI	248180	248335	155	157
chrX	543881	544031	150	124
chrVII	689991	690146	155	85
chrXV	745409	745571	162	165
chrIV	1009918	1010067	149	156
chrI	152058	152214	156	162
chrVII	307164	307393	229	234
chrXIII	445228	445382	154	148
chrXIII	25859	26037	178	176
chrXV	267997	268126	129	134
chrIX	415739	416037	298	309
chrXII	626341	626554	213	161
chrXII	418081	418277	196	175
chrXVI	901600	901870	270	286
chrX	678727	678872	145	111
chrIV	229540	229836	296	309
chrV	382243	382445	202	206
chrXV	572931	573083	152	166
chrIV	802463	802601	138	146
chrII	206961	207151	190	199
chrXVI	246698	246906	208	195
chrXIII	95504	95652	148	160
chrIV	1224548	1224748	200	218
chrXV	633623	633771	148	145
chrXVI	254540	254705	165	192
chrX	47444	47659	215	228
chrIV	272216	272360	144	106
chrXII	263957	264246	289	286
chrXV	533812	533972	160	165
chrX	247026	247181	155	133
chrX	136835	137005	170	201
chrII	653148	653322	174	244
chrII	101706	101862	156	161
chrV	399240	399449	209	207
chrIX	378274	378455	181	186
chrIV	771627	771789	162	140
chrXVI	675703	675858	155	159
chrVII	916907	917002	95	131
chrVII	522089	522234	145	150
chrV	254461	254644	183	186
